Fail 1:
srcX: -219
srcY: 100
texCoordX: -7.1053314
texCoordY: 3.2104468
left.GetTexCoordX(): 0.83380437
left.GetTexCoordY(): 0.4047839
right.GetTexCoordX(): 0.374115
right.GetTexCoordY(): 0.56726915
i: 400
j: 298
xMin: 400
left.GetX(): 399.99893
xMax: 401
right.GetX(): 400.0005
xPrestep: 0.0010681152
gradients.GetTexCoordXXStep(): -7432.846
gradients.GetTexCoordYXStep(): 2626.7417

Fail 2:
srcX: 22
srcY: 43
texCoordX: 0.704995
texCoordY: 1.3984591
left.GetTexCoordX(): 0.49682322
left.GetTexCoordY(): 0.9936463
right.GetTexCoordX(): 0.50317687
right.GetTexCoordY(): 0.9936463
i: 400
j: 159
xMin: 400
left.GetX(): 399.0926
xMax: 401
right.GetX(): 400.90738
xPrestep: 0.90740967
gradients.GetTexCoordXXStep(): 0.0035010376
gradients.GetTexCoordYXStep(): -7.4812406E-10
texCoordXXStep: 0.22941321
texCoordYXStep 0.44611907
